1.000000e+00 -1.822835e-10 5.241111e-10 -5.551115e-17 -1.822835e-10 9.999999e-01 -5.072855e-10 -3.330669e-16 5.241111e-10 -5.072855e-10 9.999999e-01 2.220446e-16
9.999986e-01 7.122128e-04 1.533514e-03 -1.101102e-02 -7.055720e-04 9.999903e-01 -4.327036e-03 -1.712164e-02 -1.536580e-03 4.325946e-03 9.999894e-01 9.617130e-01
9.999968e-01 -1.383964e-03 2.129266e-03 -1.699529e-02 1.395070e-03 9.999853e-01 -5.223267e-03 -3.304158e-02 -2.122006e-03 5.226219e-03 9.999840e-01 1.924885e+00
9.999935e-01 -2.875213e-03 2.196984e-03 -3.106702e-02 2.877221e-03 9.999954e-01 -9.111935e-04 -6.341853e-02 -2.194353e-03 9.175076e-04 9.999971e-01 2.888054e+00
9.999894e-01 -4.378258e-03 1.426928e-03 -4.462738e-02 4.370282e-03 9.999750e-01 5.546374e-03 -9.503621e-02 -1.451175e-03 -5.540079e-03 9.999835e-01 3.848312e+00
9.999613e-01 -8.800744e-03 4.930361e-05 -5.337242e-02 8.800421e-03 9.999503e-01 4.659577e-03 -1.222173e-01 -9.030788e-05 -4.658963e-03 9.999891e-01 4.806551e+00
9.999329e-01 -1.154122e-02 -9.928825e-04 -6.458549e-02 1.154281e-02 9.999320e-01 1.608232e-03 -1.448705e-01 9.742552e-04 -1.619585e-03 9.999981e-01 5.738958e+00
9.999251e-01 -1.210851e-02 -1.791951e-03 -7.542792e-02 1.210590e-02 9.999256e-01 -1.463266e-03 -1.535673e-01 1.809537e-03 1.441462e-03 9.999973e-01 6.676395e+00
9.999307e-01 -1.148261e-02 -2.596193e-03 -8.936429e-02 1.147713e-02 9.999318e-01 -2.115606e-03 -1.678814e-01 2.620310e-03 2.085662e-03 9.999943e-01 7.606157e+00
9.999351e-01 -1.082459e-02 -3.547008e-03 -1.013034e-01 1.082533e-02 9.999413e-01 1.915052e-04 -1.791661e-01 3.544728e-03 -2.298913e-04 9.999936e-01 8.535486e+00
9.999332e-01 -1.074628e-02 -4.252912e-03 -1.141317e-01 1.075959e-02 9.999372e-01 3.119014e-03 -1.865848e-01 4.219129e-03 -3.164566e-03 9.999860e-01 9.465868e+00
9.999267e-01 -1.090491e-02 -5.254531e-03 -1.275574e-01 1.092822e-02 9.999304e-01 4.428359e-03 -1.916301e-01 5.205877e-03 -4.485457e-03 9.999763e-01 1.038892e+01
9.999051e-01 -1.246298e-02 -5.868031e-03 -1.421945e-01 1.249287e-02 9.999090e-01 5.084305e-03 -1.997185e-01 5.804133e-03 -5.157132e-03 9.999698e-01 1.133952e+01
9.998969e-01 -1.263069e-02 -6.826217e-03 -1.548813e-01 1.266478e-02 9.999074e-01 4.973288e-03 -2.155601e-01 6.762771e-03 -5.059228e-03 9.999643e-01 1.222345e+01
9.998890e-01 -1.287236e-02 -7.500847e-03 -1.693123e-01 1.289812e-02 9.999110e-01 3.394724e-03 -2.354858e-01 7.456483e-03 -3.491094e-03 9.999660e-01 1.313325e+01
9.998699e-01 -1.336574e-02 -9.034486e-03 -1.849063e-01 1.337692e-02 9.999098e-01 1.177817e-03 -2.602522e-01 9.017931e-03 -1.298518e-03 9.999584e-01 1.404136e+01
9.998368e-01 -1.468699e-02 -1.051998e-02 -1.992846e-01 1.468671e-02 9.998921e-01 -1.034110e-04 -2.760574e-01 1.052037e-02 -5.111081e-05 9.999446e-01 1.494552e+01
9.998231e-01 -1.432671e-02 -1.218625e-02 -2.169483e-01 1.431971e-02 9.998972e-01 -6.616172e-04 -2.851106e-01 1.219448e-02 4.869955e-04 9.999255e-01 1.584627e+01
9.998220e-01 -1.304143e-02 -1.363681e-02 -2.367130e-01 1.302122e-02 9.999139e-01 -1.569338e-03 -2.933610e-01 1.365611e-02 1.391489e-03 9.999057e-01 1.674309e+01
9.998148e-01 -1.159649e-02 -1.536125e-02 -2.548521e-01 1.157275e-02 9.999316e-01 -1.633665e-03 -2.982439e-01 1.537915e-02 1.455589e-03 9.998806e-01 1.763484e+01
9.997832e-01 -1.213664e-02 -1.691845e-02 -2.730779e-01 1.212689e-02 9.999262e-01 -6.787551e-04 -3.044055e-01 1.692545e-02 4.734386e-04 9.998566e-01 1.852684e+01
9.997674e-01 -1.148423e-02 -1.825599e-02 -2.937433e-01 1.149904e-02 9.999336e-01 7.061475e-04 -3.138402e-01 1.824668e-02 -9.159104e-04 9.998330e-01 1.941419e+01
9.997407e-01 -1.132286e-02 -1.975877e-02 -3.146034e-01 1.134559e-02 9.999350e-01 1.038627e-03 -3.236882e-01 1.974573e-02 -1.262534e-03 9.998042e-01 2.029478e+01
9.996913e-01 -1.246784e-02 -2.149326e-02 -3.335669e-01 1.249154e-02 9.999214e-01 9.685078e-04 -3.220398e-01 2.147950e-02 -1.236693e-03 9.997685e-01 2.116890e+01
9.996529e-01 -1.268780e-02 -2.308809e-02 -3.517749e-01 1.269885e-02 9.999192e-01 3.318073e-04 -3.205089e-01 2.308202e-02 -6.248852e-04 9.997333e-01 2.203793e+01
9.996297e-01 -1.261378e-02 -2.411198e-02 -3.725490e-01 1.263650e-02 9.999198e-01 7.899130e-04 -3.172185e-01 2.410009e-02 -1.094312e-03 9.997089e-01 2.290089e+01
9.996068e-01 -1.236724e-02 -2.516463e-02 -3.933684e-01 1.244026e-02 9.999188e-01 2.747129e-03 -3.159266e-01 2.512862e-02 -3.059103e-03 9.996795e-01 2.375773e+01
9.995692e-01 -1.363816e-02 -2.598840e-02 -4.121035e-01 1.378817e-02 9.998892e-01 5.601313e-03 -3.140241e-01 2.590913e-02 -5.957232e-03 9.996465e-01 2.461543e+01
9.995560e-01 -1.327670e-02 -2.667519e-02 -4.280328e-01 1.346665e-02 9.998851e-01 6.953738e-03 -3.057383e-01 2.657980e-02 -7.309876e-03 9.996199e-01 2.544218e+01
9.995413e-01 -1.282492e-02 -2.743674e-02 -4.474023e-01 1.298763e-02 9.998990e-01 5.760451e-03 -2.988492e-01 2.736009e-02 -6.114147e-03 9.996069e-01 2.626621e+01
9.995372e-01 -1.142993e-02 -2.819322e-02 -4.690774e-01 1.151922e-02 9.999291e-01 3.006464e-03 -2.930490e-01 2.815686e-02 -3.329837e-03 9.995979e-01 2.708037e+01
9.995206e-01 -1.092301e-02 -2.896974e-02 -4.916230e-01 1.096822e-02 9.999388e-01 1.401950e-03 -2.934051e-01 2.895266e-02 -1.719025e-03 9.995792e-01 2.787697e+01
9.995005e-01 -1.020425e-02 -2.990979e-02 -5.147234e-01 1.023690e-02 9.999471e-01 9.386493e-04 -2.982767e-01 2.989864e-02 -1.244365e-03 9.995521e-01 2.866957e+01
9.994551e-01 -1.042435e-02 -3.131936e-02 -5.377287e-01 1.044602e-02 9.999452e-01 5.283531e-04 -3.030386e-01 3.131214e-02 -8.552288e-04 9.995092e-01 2.945471e+01
9.993980e-01 -1.012000e-02 -3.318482e-02 -5.610502e-01 1.012245e-02 9.999487e-01 -9.415537e-05 -3.024561e-01 3.318408e-02 -2.418140e-04 9.994492e-01 3.022665e+01
9.993348e-01 -1.013992e-02 -3.503166e-02 -5.837097e-01 1.012933e-02 9.999485e-01 -4.799930e-04 -2.893166e-01 3.503473e-02 1.248256e-04 9.993860e-01 3.099325e+01
9.992572e-01 -1.045439e-02 -3.709050e-02 -6.098827e-01 1.048559e-02 9.999447e-01 6.466132e-04 -2.849460e-01 3.708169e-02 -1.035049e-03 9.993116e-01 3.175331e+01
9.991826e-01 -1.044167e-02 -3.905299e-02 -6.373473e-01 1.057814e-02 9.999386e-01 3.289435e-03 -2.859582e-01 3.901625e-02 -3.699855e-03 9.992317e-01 3.249745e+01
9.991166e-01 -9.676451e-03 -4.089457e-02 -6.694970e-01 9.870613e-03 9.999409e-01 4.548579e-03 -2.913155e-01 4.084814e-02 -4.948216e-03 9.991530e-01 3.323490e+01
9.990483e-01 -8.212274e-03 -4.283877e-02 -7.070281e-01 8.425612e-03 9.999529e-01 4.801790e-03 -2.980989e-01 4.279733e-02 -5.158163e-03 9.990704e-01 3.396228e+01
9.989871e-01 -5.570437e-03 -4.465125e-02 -7.475972e-01 5.752148e-03 9.999756e-01 3.942093e-03 -3.011809e-01 4.462821e-02 -4.194941e-03 9.989948e-01 3.470353e+01
9.989142e-01 -4.076822e-03 -4.640854e-02 -7.861231e-01 4.225973e-03 9.999861e-01 3.116198e-03 -3.012987e-01 4.639521e-02 -3.308936e-03 9.989176e-01 3.539317e+01
9.988447e-01 -3.602322e-03 -4.792024e-02 -8.225011e-01 3.824192e-03 9.999823e-01 4.539097e-03 -2.935002e-01 4.790305e-02 -4.717109e-03 9.988408e-01 3.608573e+01
9.987977e-01 -2.421920e-03 -4.896157e-02 -8.579745e-01 2.724895e-03 9.999775e-01 6.122217e-03 -2.845601e-01 4.894565e-02 -6.248272e-03 9.987818e-01 3.677338e+01
9.988038e-01 6.059604e-04 -4.889413e-02 -8.979841e-01 -2.707568e-04 9.999763e-01 6.862041e-03 -2.829222e-01 4.889714e-02 -6.840594e-03 9.987803e-01 3.744921e+01
9.988488e-01 3.748494e-03 -4.782370e-02 -9.356939e-01 -3.523552e-03 9.999823e-01 4.787030e-03 -2.753503e-01 4.784081e-02 -4.613010e-03 9.988443e-01 3.811124e+01
9.989248e-01 5.352123e-03 -4.605101e-02 -9.662440e-01 -5.291339e-03 9.999849e-01 1.441747e-03 -2.643952e-01 4.605804e-02 -1.196526e-03 9.989380e-01 3.876355e+01
9.990194e-01 5.712810e-03 -4.390410e-02 -9.940685e-01 -5.743068e-03 9.999833e-01 -5.630376e-04 -2.590333e-01 4.390016e-02 8.146287e-04 9.990355e-01 3.940063e+01
9.991414e-01 6.928143e-03 -4.084787e-02 -1.022967e+00 -6.919997e-03 9.999759e-01 3.408663e-04 -2.546909e-01 4.084925e-02 -5.790746e-05 9.991653e-01 4.003748e+01
9.992324e-01 1.197639e-02 -3.729938e-02 -1.054571e+00 -1.185276e-02 9.999234e-01 3.533972e-03 -2.561416e-01 3.733886e-02 -3.089159e-03 9.992978e-01 4.068683e+01
9.993048e-01 1.641604e-02 -3.347332e-02 -1.082779e+00 -1.618094e-02 9.998425e-01 7.282552e-03 -2.559993e-01 3.358760e-02 -6.735859e-03 9.994130e-01 4.129211e+01
9.993476e-01 2.131604e-02 -2.915361e-02 -1.107347e+00 -2.108763e-02 9.997446e-01 8.120116e-03 -2.542439e-01 2.931926e-02 -7.500038e-03 9.995419e-01 4.189089e+01
9.994044e-01 2.501999e-02 -2.376615e-02 -1.127463e+00 -2.483055e-02 9.996577e-01 8.233076e-03 -2.504927e-01 2.396401e-02 -7.638046e-03 9.996836e-01 4.247569e+01
9.994265e-01 2.870924e-02 -1.795791e-02 -1.143225e+00 -2.852866e-02 9.995405e-01 1.023293e-02 -2.472759e-01 1.824345e-02 -9.714743e-03 9.997863e-01 4.304425e+01
9.993683e-01 3.372431e-02 -1.120755e-02 -1.156523e+00 -3.359318e-02 9.993671e-01 1.169024e-02 -2.461265e-01 1.159470e-02 -1.130636e-02 9.998688e-01 4.359239e+01
9.993066e-01 3.700958e-02 -4.072654e-03 -1.163695e+00 -3.696271e-02 9.992556e-01 1.103952e-02 -2.463307e-01 4.478192e-03 -1.088133e-02 9.999307e-01 4.411947e+01
9.991739e-01 4.050788e-02 3.260896e-03 -1.165311e+00 -4.054268e-02 9.991124e-01 1.142537e-02 -2.460311e-01 -2.795184e-03 -1.154814e-02 9.999293e-01 4.462705e+01
9.989309e-01 4.494697e-02 1.081107e-02 -1.165281e+00 -4.506496e-02 9.989242e-01 1.092935e-02 -2.401569e-01 -1.030820e-02 -1.140486e-02 9.998818e-01 4.511047e+01
9.986110e-01 4.932216e-02 1.853237e-02 -1.162119e+00 -4.947620e-02 9.987436e-01 7.946644e-03 -2.348502e-01 -1.811714e-02 -8.852517e-03 9.997966e-01 4.557447e+01
9.983445e-01 5.105621e-02 2.648756e-02 -1.153911e+00 -5.119570e-02 9.986779e-01 4.614266e-03 -2.368661e-01 -2.621696e-02 -5.962677e-03 9.996384e-01 4.601395e+01
9.980778e-01 5.151562e-02 3.445099e-02 -1.139704e+00 -5.171685e-02 9.986493e-01 4.974724e-03 -2.380301e-01 -3.414819e-02 -6.746859e-03 9.993939e-01 4.643562e+01
9.978050e-01 5.099690e-02 4.224351e-02 -1.119110e+00 -5.130814e-02 9.986628e-01 6.315813e-03 -2.395256e-01 -4.186495e-02 -8.469386e-03 9.990873e-01 4.683267e+01
9.973383e-01 5.274012e-02 5.034723e-02 -1.098158e+00 -5.316651e-02 9.985599e-01 7.166379e-03 -2.391747e-01 -4.989678e-02 -9.824091e-03 9.987060e-01 4.720456e+01
9.966453e-01 5.618538e-02 5.950962e-02 -1.077742e+00 -5.670529e-02 9.983658e-01 7.082538e-03 -2.387525e-01 -5.901444e-02 -1.043329e-02 9.982025e-01 4.756732e+01
9.958318e-01 6.082299e-02 6.796721e-02 -1.059487e+00 -6.141123e-02 9.980907e-01 6.596949e-03 -2.404154e-01 -6.743621e-02 -1.074340e-02 9.976657e-01 4.787840e+01
9.949463e-01 6.439773e-02 7.703781e-02 -1.036133e+00 -6.510727e-02 9.978555e-01 6.731622e-03 -2.443984e-01 -7.643911e-02 -1.171332e-02 9.970054e-01 4.817664e+01
9.942173e-01 6.384319e-02 8.634873e-02 -1.006263e+00 -6.469375e-02 9.978799e-01 7.085063e-03 -2.532706e-01 -8.571335e-02 -1.263031e-02 9.962397e-01 4.845088e+01
9.932966e-01 6.279192e-02 9.705214e-02 -9.730963e-01 -6.358338e-02 9.979635e-01 5.080641e-03 -2.607772e-01 -9.653549e-02 -1.121749e-02 9.952663e-01 4.871656e+01
9.921379e-01 6.152264e-02 1.089836e-01 -9.369557e-01 -6.192852e-02 9.980805e-01 3.401550e-04 -2.675893e-01 -1.087535e-01 -7.086672e-03 9.940434e-01 4.897559e+01
9.905372e-01 6.248717e-02 1.221940e-01 -8.977462e-01 -6.247046e-02 9.980388e-01 -3.971708e-03 -2.734425e-01 -1.222026e-01 -3.699392e-03 9.924982e-01 4.923239e+01
9.883707e-01 6.431657e-02 1.377925e-01 -8.567415e-01 -6.411000e-02 9.979251e-01 -5.941497e-03 -2.805680e-01 -1.378888e-01 -2.961478e-03 9.904432e-01 4.948708e+01
9.857258e-01 6.628680e-02 1.547602e-01 -8.084309e-01 -6.596478e-02 9.977957e-01 -7.220978e-03 -2.860922e-01 -1.548977e-01 -3.090816e-03 9.879256e-01 4.974970e+01
9.830186e-01 6.669167e-02 1.709583e-01 -7.577117e-01 -6.621707e-02 9.977691e-01 -8.483377e-03 -2.915714e-01 -1.711427e-01 -2.981041e-03 9.852417e-01 4.998615e+01
9.797322e-01 6.595410e-02 1.891427e-01 -6.971579e-01 -6.530127e-02 9.978185e-01 -9.688392e-03 -2.967619e-01 -1.893691e-01 -2.859233e-03 9.819017e-01 5.023058e+01
9.757277e-01 6.503198e-02 2.091083e-01 -6.296551e-01 -6.433369e-02 9.978768e-01 -1.014671e-02 -3.022908e-01 -2.093242e-01 -3.552285e-03 9.778398e-01 5.047733e+01
9.713025e-01 6.551318e-02 2.286472e-01 -5.626253e-01 -6.460929e-02 9.978449e-01 -1.144496e-02 -3.067843e-01 -2.289043e-01 -3.656217e-03 9.734420e-01 5.070727e+01
9.659140e-01 6.760924e-02 2.498781e-01 -4.889211e-01 -6.623732e-02 9.977069e-01 -1.390550e-02 -3.117062e-01 -2.502453e-01 -3.119744e-03 9.681774e-01 5.094530e+01
9.596674e-01 6.892286e-02 2.725584e-01 -4.074937e-01 -6.707060e-02 9.976179e-01 -1.611853e-02 -3.179085e-01 -2.730201e-01 -2.812227e-03 9.620042e-01 5.118149e+01
9.522731e-01 7.018360e-02 2.970693e-01 -3.172192e-01 -6.815286e-02 9.975265e-01 -1.720102e-02 -3.255041e-01 -2.975418e-01 -3.866058e-03 9.547009e-01 5.142020e+01
9.436113e-01 7.308946e-02 3.228865e-01 -2.212449e-01 -7.102643e-02 9.973086e-01 -1.818419e-02 -3.340796e-01 -3.233466e-01 -5.774668e-03 9.462629e-01 5.165930e+01
9.334129e-01 7.549648e-02 3.507715e-01 -1.147140e-01 -7.333123e-02 9.971174e-01 -1.947297e-02 -3.439537e-01 -3.512306e-01 -7.546181e-03 9.362585e-01 5.190075e+01
9.222742e-01 7.613570e-02 3.789639e-01 2.735872e-04 -7.373827e-02 9.970594e-01 -2.085934e-02 -3.544958e-01 -3.794378e-01 -8.706115e-03 9.251762e-01 5.212982e+01
9.095902e-01 7.427774e-02 4.088135e-01 1.309526e-01 -7.108895e-02 9.972044e-01 -2.301366e-02 -3.642721e-01 -4.093801e-01 -8.129124e-03 9.123277e-01 5.235595e+01
8.944222e-01 7.169632e-02 4.414392e-01 2.760316e-01 -6.712497e-02 9.974060e-01 -2.598839e-02 -3.733939e-01 -4.421575e-01 -6.387003e-03 8.969146e-01 5.258045e+01
8.771443e-01 7.145361e-02 4.748814e-01 4.279778e-01 -6.473981e-02 9.974359e-01 -3.050080e-02 -3.824345e-01 -4.758432e-01 -3.990132e-03 8.795210e-01 5.280031e+01
8.575413e-01 7.341493e-02 5.091494e-01 5.907911e-01 -6.409369e-02 9.972996e-01 -3.585139e-02 -3.919068e-01 -5.104066e-01 -1.889215e-03 8.599311e-01 5.301901e+01
8.354269e-01 7.568777e-02 5.443649e-01 7.701079e-01 -6.394528e-02 9.971310e-01 -4.050415e-02 -4.025973e-01 -5.458689e-01 -9.713071e-04 8.378700e-01 5.324411e+01
8.104782e-01 7.887974e-02 5.804335e-01 9.652370e-01 -6.518263e-02 9.968824e-01 -4.445771e-02 -4.147601e-01 -5.821309e-01 -1.802183e-03 8.130930e-01 5.347280e+01
7.831650e-01 8.302927e-02 6.162457e-01 1.172293e+00 -6.828228e-02 9.965350e-01 -4.748968e-02 -4.302534e-01 -6.180536e-01 -4.886408e-03 7.861208e-01 5.369477e+01
7.530585e-01 8.748648e-02 6.521111e-01 1.401712e+00 -7.188324e-02 9.961272e-01 -5.062849e-02 -4.467404e-01 -6.540151e-01 -8.749646e-03 7.564309e-01 5.392680e+01
7.198925e-01 8.857767e-02 6.884102e-01 1.658262e+00 -7.134170e-02 9.960132e-01 -5.355265e-02 -4.647131e-01 -6.904094e-01 -1.056021e-02 7.233418e-01 5.415343e+01
6.834437e-01 8.631703e-02 7.248820e-01 1.946080e+00 -6.813306e-02 9.961927e-01 -5.438583e-02 -4.776399e-01 -7.268168e-01 -1.221878e-02 6.867227e-01 5.436895e+01
6.444403e-01 8.503336e-02 7.599118e-01 2.269729e+00 -6.511601e-02 9.962903e-01 -5.626252e-02 -4.777691e-01 -7.618770e-01 -1.322459e-02 6.475867e-01 5.458519e+01
6.014973e-01 8.478487e-02 7.943629e-01 2.612681e+00 -6.309072e-02 9.962879e-01 -5.856425e-02 -4.832195e-01 -7.963797e-01 -1.489068e-02 6.046137e-01 5.478988e+01
5.561716e-01 8.472528e-02 8.267374e-01 2.973763e+00 -5.939500e-02 9.962982e-01 -6.214531e-02 -4.792758e-01 -8.289424e-01 -1.454061e-02 5.591450e-01 5.498383e+01
5.082200e-01 8.368613e-02 8.571517e-01 3.359263e+00 -5.674312e-02 9.963588e-01 -6.363336e-02 -4.860892e-01 -8.593560e-01 -1.629772e-02 5.111180e-01 5.516957e+01
4.595568e-01 8.166095e-02 8.843862e-01 3.766145e+00 -5.479782e-02 9.964739e-01 -6.353594e-02 -4.913921e-01 -8.864563e-01 -1.926406e-02 4.624112e-01 5.533541e+01
4.095444e-01 7.979453e-02 9.087938e-01 4.198361e+00 -5.480553e-02 9.965202e-01 -6.279926e-02 -5.166196e-01 -9.106425e-01 -2.408784e-02 4.124924e-01 5.548396e+01
3.597340e-01 7.961125e-02 9.296523e-01 4.641416e+00 -5.780824e-02 9.963408e-01 -6.295296e-02 -5.396177e-01 -9.312624e-01 -3.109524e-02 3.630199e-01 5.561845e+01
3.103427e-01 8.045242e-02 9.472142e-01 5.103719e+00 -5.497858e-02 9.962635e-01 -6.660545e-02 -5.645924e-01 -9.490336e-01 -3.140597e-02 3.136062e-01 5.572143e+01
