1.000000e+00 1.197625e-11 1.704638e-10 5.551115e-17 1.197625e-11 1.000000e+00 3.562503e-10 0.000000e+00 1.704638e-10 3.562503e-10 1.000000e+00 2.220446e-16
9.999795e-01 5.025123e-04 -6.380358e-03 -4.596714e-03 -5.005160e-04 9.999998e-01 3.144878e-04 -2.001524e-03 6.380515e-03 -3.112871e-04 9.999796e-01 9.154274e-02
9.999096e-01 1.061516e-03 -1.340599e-02 -1.001116e-02 -1.058762e-03 9.999994e-01 2.126022e-04 -4.359704e-03 1.340621e-02 -1.983884e-04 9.999101e-01 1.857373e-01
9.997800e-01 1.386756e-03 -2.092925e-02 -1.753371e-02 -1.395506e-03 9.999989e-01 -4.034725e-04 -6.859665e-03 2.092867e-02 4.325913e-04 9.997809e-01 2.834672e-01
9.995454e-01 2.025309e-03 -3.008212e-02 -2.863192e-02 -2.080074e-03 9.999962e-01 -1.789331e-03 -6.726660e-03 3.007839e-02 1.851091e-03 9.995458e-01 3.873100e-01
9.991403e-01 2.230707e-03 -4.139680e-02 -4.273697e-02 -2.379114e-03 9.999909e-01 -3.536042e-03 -7.303015e-03 4.138854e-02 3.631490e-03 9.991365e-01 5.011396e-01
9.984892e-01 2.145631e-03 -5.490591e-02 -6.000009e-02 -2.394373e-03 9.999871e-01 -4.464951e-03 -8.065471e-03 5.489562e-02 4.589671e-03 9.984816e-01 6.279359e-01
9.974753e-01 2.223074e-03 -7.097932e-02 -8.275693e-02 -2.545053e-03 9.999869e-01 -4.446103e-03 -8.995000e-03 7.096851e-02 4.615524e-03 9.974679e-01 7.669396e-01
9.959798e-01 9.912399e-04 -8.957233e-02 -1.090497e-01 -1.397593e-03 9.999890e-01 -4.473982e-03 -1.033982e-02 8.956691e-02 4.581182e-03 9.959703e-01 9.191805e-01
9.939836e-01 -3.564687e-04 -1.095286e-01 -1.415335e-01 -1.406643e-04 9.999897e-01 -4.531084e-03 -1.195088e-02 1.095291e-01 4.519231e-03 9.939733e-01 1.081913e+00
9.912980e-01 -4.511767e-04 -1.316366e-01 -1.816057e-01 -1.745510e-04 9.999887e-01 -4.741873e-03 -1.604515e-02 1.316372e-01 4.723586e-03 9.912867e-01 1.251378e+00
9.877899e-01 2.927872e-03 -1.557641e-01 -2.325643e-01 -3.900867e-03 9.999747e-01 -5.941284e-03 -2.265364e-02 1.557428e-01 6.476356e-03 9.877764e-01 1.425643e+00
9.834265e-01 7.281907e-03 -1.811611e-01 -2.934590e-01 -8.809762e-03 9.999321e-01 -7.630442e-03 -3.116429e-02 1.810932e-01 9.099964e-03 9.834238e-01 1.604140e+00
9.780772e-01 1.080196e-02 -2.079623e-01 -3.616512e-01 -1.279341e-02 9.998842e-01 -8.233354e-03 -3.933357e-02 2.078493e-01 1.071340e-02 9.781022e-01 1.788640e+00
9.713483e-01 1.158386e-02 -2.373782e-01 -4.366243e-01 -1.400444e-02 9.998657e-01 -8.513365e-03 -4.313507e-02 2.372477e-01 1.159379e-02 9.713800e-01 1.979231e+00
9.632837e-01 1.344571e-02 -2.681487e-01 -5.224919e-01 -1.613640e-02 9.998391e-01 -7.832912e-03 -4.573638e-02 2.680003e-01 1.187227e-02 9.633457e-01 2.173020e+00
9.538090e-01 1.577198e-02 -2.999995e-01 -6.200940e-01 -1.861376e-02 9.998048e-01 -6.616866e-03 -4.902232e-02 2.998367e-01 1.189534e-02 9.539164e-01 2.368741e+00
9.425175e-01 1.774119e-02 -3.336855e-01 -7.248452e-01 -2.073817e-02 9.997702e-01 -5.421185e-03 -5.140743e-02 3.335126e-01 1.202959e-02 9.426689e-01 2.565689e+00
9.299713e-01 2.036643e-02 -3.670676e-01 -8.394934e-01 -2.385302e-02 9.997031e-01 -4.964301e-03 -5.397789e-02 3.668575e-01 1.337233e-02 9.301810e-01 2.758285e+00
9.160371e-01 2.349847e-02 -4.004045e-01 -9.687591e-01 -2.746958e-02 9.996139e-01 -4.180152e-03 -5.101001e-02 4.001517e-01 1.482812e-02 9.163290e-01 2.950416e+00
8.999654e-01 2.432815e-02 -4.352819e-01 -1.103633e+00 -2.866013e-02 9.995834e-01 -3.388838e-03 -4.676236e-02 4.350182e-01 1.552507e-02 9.002878e-01 3.142085e+00
8.815780e-01 2.050712e-02 -4.715927e-01 -1.242764e+00 -2.543755e-02 9.996681e-01 -4.081633e-03 -4.292676e-02 4.713525e-01 1.559444e-02 8.818071e-01 3.333105e+00
8.604449e-01 1.550968e-02 -5.093075e-01 -1.392475e+00 -2.063887e-02 9.997772e-01 -4.422429e-03 -4.238966e-02 5.091254e-01 1.431679e-02 8.605733e-01 3.523028e+00
8.357453e-01 1.684757e-02 -5.488588e-01 -1.564446e+00 -2.109935e-02 9.997763e-01 -1.439127e-03 -4.491985e-02 5.487118e-01 1.278331e-02 8.359139e-01 3.706267e+00
8.069523e-01 2.370092e-02 -5.901408e-01 -1.761568e+00 -2.696201e-02 9.996311e-01 3.279095e-03 -4.899414e-02 5.900009e-01 1.326531e-02 8.072937e-01 3.880703e+00
7.747743e-01 2.685279e-02 -6.316674e-01 -1.969361e+00 -3.022770e-02 9.995283e-01 5.415012e-03 -5.141144e-02 6.315149e-01 1.489844e-02 7.752206e-01 4.049498e+00
7.390815e-01 2.703623e-02 -6.730732e-01 -2.187835e+00 -3.078163e-02 9.995059e-01 6.348111e-03 -5.358748e-02 6.729124e-01 1.602652e-02 7.395486e-01 4.215884e+00
6.998654e-01 2.300743e-02 -7.139041e-01 -2.415527e+00 -2.506270e-02 9.996566e-01 7.646713e-03 -5.318918e-02 7.138350e-01 1.254069e-02 7.002017e-01 4.382391e+00
6.574738e-01 1.958832e-02 -7.532227e-01 -2.663146e+00 -2.008945e-02 9.997623e-01 8.464136e-03 -5.287039e-02 7.532096e-01 9.566887e-03 6.577111e-01 4.540774e+00
6.131629e-01 1.930946e-02 -7.897204e-01 -2.929115e+00 -1.750863e-02 9.997878e-01 1.085159e-02 -5.283789e-02 7.897624e-01 7.173130e-03 6.133709e-01 4.687680e+00
5.654772e-01 2.029055e-02 -8.245143e-01 -3.215512e+00 -1.550389e-02 9.997822e-01 1.397070e-02 -5.138930e-02 8.246182e-01 4.883068e-03 5.656686e-01 4.824434e+00
5.147145e-01 2.089948e-02 -8.571069e-01 -3.517839e+00 -1.382236e-02 9.997752e-01 1.607760e-02 -4.877551e-02 8.572503e-01 3.571869e-03 5.148876e-01 4.948178e+00
4.622315e-01 2.267230e-02 -8.864694e-01 -3.836955e+00 -1.311577e-02 9.997385e-01 1.873032e-02 -4.505658e-02 8.866623e-01 2.968993e-03 4.624080e-01 5.057271e+00
4.081172e-01 2.482780e-02 -9.125918e-01 -4.177130e+00 -1.202969e-02 9.996896e-01 2.181762e-02 -3.878842e-02 9.128503e-01 2.074055e-03 4.082892e-01 5.153468e+00
3.528221e-01 2.685154e-02 -9.353051e-01 -4.534335e+00 -1.174859e-02 9.996365e-01 2.426655e-02 -3.325067e-02 9.356167e-01 2.426748e-03 3.530093e-01 5.233794e+00
2.977517e-01 2.999078e-02 -9.541721e-01 -4.911075e+00 -9.323251e-03 9.995501e-01 2.850773e-02 -2.945435e-02 9.545979e-01 4.077656e-04 2.978973e-01 5.302451e+00
2.439423e-01 3.226578e-02 -9.692528e-01 -5.299329e+00 -5.239211e-03 9.994756e-01 3.195328e-02 -2.697748e-02 9.697756e-01 -2.716632e-03 2.439834e-01 5.360943e+00
1.928119e-01 3.260781e-02 -9.806938e-01 -5.701357e+00 -2.205280e-03 9.994595e-01 3.279820e-02 -2.303083e-02 9.812333e-01 -4.161174e-03 1.927796e-01 5.401694e+00
1.451008e-01 3.362423e-02 -9.888454e-01 -6.122091e+00 -3.991990e-03 9.994341e-01 3.339852e-02 -1.604266e-02 9.894089e-01 -8.986869e-04 1.451529e-01 5.421290e+00
1.020609e-01 3.392393e-02 -9.941995e-01 -6.558994e+00 -6.144850e-03 9.994208e-01 3.347129e-02 -5.757046e-03 9.947592e-01 2.693100e-03 1.022102e-01 5.427674e+00
6.378191e-02 3.251618e-02 -9.974340e-01 -7.009091e+00 -7.384401e-03 9.994570e-01 3.210994e-02 6.191584e-03 9.979366e-01 5.317422e-03 6.398739e-02 5.424017e+00
2.904726e-02 2.991174e-02 -9.991304e-01 -7.473426e+00 -6.521623e-03 9.995365e-01 2.973431e-02 1.625113e-02 9.995568e-01 5.652255e-03 2.922887e-02 5.410697e+00
-2.721994e-03 2.726005e-02 -9.996247e-01 -7.950411e+00 -5.718749e-03 9.996116e-01 2.727527e-02 2.306424e-02 9.999800e-01 5.790849e-03 -2.565041e-03 5.389282e+00
-2.964894e-02 2.550783e-02 -9.992348e-01 -8.444612e+00 -6.326376e-03 9.996495e-01 2.570614e-02 3.066422e-02 9.995404e-01 7.083698e-03 -2.947717e-02 5.353644e+00
-5.091764e-02 2.313000e-02 -9.984350e-01 -8.953007e+00 -6.820021e-03 9.997004e-01 2.350713e-02 4.057477e-02 9.986796e-01 8.006278e-03 -5.074464e-02 5.310729e+00
-6.733280e-02 2.173972e-02 -9.974937e-01 -9.480377e+00 -6.474859e-03 9.997320e-01 2.222558e-02 5.248992e-02 9.977096e-01 7.955144e-03 -6.717399e-02 5.263869e+00
-8.060838e-02 2.217432e-02 -9.964992e-01 -1.002302e+01 -5.344046e-03 9.997285e-01 2.267848e-02 6.141731e-02 9.967316e-01 7.153416e-03 -8.046799e-02 5.211227e+00
-9.045247e-02 2.383599e-02 -9.956155e-01 -1.057921e+01 -6.387145e-03 9.996791e-01 2.451356e-02 6.596199e-02 9.958803e-01 8.576455e-03 -9.027120e-02 5.153075e+00
-9.725791e-02 2.540281e-02 -9.949350e-01 -1.115274e+01 -8.559783e-03 9.996159e-01 2.635907e-02 6.936405e-02 9.952224e-01 1.108006e-02 -9.700311e-02 5.088360e+00
-1.018114e-01 2.626013e-02 -9.944570e-01 -1.173941e+01 -8.587813e-03 9.995911e-01 2.727492e-02 7.855473e-02 9.947667e-01 1.131711e-02 -1.015442e-01 5.025880e+00
-1.035005e-01 2.648562e-02 -9.942767e-01 -1.234412e+01 -6.117944e-03 9.996095e-01 2.726454e-02 9.123047e-02 9.946106e-01 8.904824e-03 -1.032980e-01 4.964841e+00
-1.028278e-01 2.847192e-02 -9.942916e-01 -1.296427e+01 -3.919262e-03 9.995709e-01 2.902843e-02 1.026715e-01 9.946915e-01 6.881821e-03 -1.026721e-01 4.901812e+00
-1.013578e-01 3.126980e-02 -9.943585e-01 -1.360015e+01 -4.596263e-03 9.994805e-01 3.189940e-02 1.095163e-01 9.948395e-01 7.803588e-03 -1.011614e-01 4.835681e+00
-9.950488e-02 3.165295e-02 -9.945335e-01 -1.425164e+01 -7.042716e-03 9.994464e-01 3.251396e-02 1.178242e-01 9.950122e-01 1.023952e-02 -9.922688e-02 4.767225e+00
-9.786425e-02 2.880843e-02 -9.947827e-01 -1.491341e+01 -8.778970e-03 9.995170e-01 2.980919e-02 1.296149e-01 9.951611e-01 1.165042e-02 -9.756407e-02 4.697363e+00
-9.663340e-02 2.858456e-02 -9.949095e-01 -1.559372e+01 -9.168533e-03 9.995195e-01 2.960754e-02 1.450798e-01 9.952778e-01 1.198294e-02 -9.632490e-02 4.629999e+00
-9.508533e-02 3.088559e-02 -9.949899e-01 -1.629098e+01 -8.691167e-03 9.994547e-01 3.185476e-02 1.622254e-01 9.954312e-01 1.167655e-02 -9.476505e-02 4.563302e+00
-9.324592e-02 3.432541e-02 -9.950512e-01 -1.700478e+01 -9.606841e-03 9.993280e-01 3.537320e-02 1.770188e-01 9.955968e-01 1.285771e-02 -9.285350e-02 4.494630e+00
-9.143352e-02 3.749733e-02 -9.951049e-01 -1.773322e+01 -1.072094e-02 9.991958e-01 3.863657e-02 1.905594e-01 9.957535e-01 1.420114e-02 -9.095798e-02 4.426532e+00
-8.963018e-02 3.633795e-02 -9.953120e-01 -1.847183e+01 -1.191924e-02 9.992235e-01 3.755412e-02 2.092753e-01 9.959038e-01 1.522934e-02 -8.912746e-02 4.359249e+00
-8.776869e-02 3.343541e-02 -9.955796e-01 -1.922427e+01 -1.418124e-02 9.992933e-01 3.481034e-02 2.305555e-01 9.960400e-01 1.717381e-02 -8.723251e-02 4.290984e+00
-8.620014e-02 3.252667e-02 -9.957467e-01 -1.998833e+01 -1.553740e-02 9.993014e-01 3.398785e-02 2.503189e-01 9.961567e-01 1.840107e-02 -8.563454e-02 4.223122e+00
-8.451284e-02 3.487323e-02 -9.958119e-01 -2.077310e+01 -1.290088e-02 9.992653e-01 3.608905e-02 2.703516e-01 9.963389e-01 1.589684e-02 -8.400085e-02 4.161929e+00
-8.331618e-02 3.705888e-02 -9.958338e-01 -2.156448e+01 -1.052013e-02 9.992199e-01 3.806506e-02 2.880249e-01 9.964677e-01 1.364774e-02 -8.286132e-02 4.100217e+00
-8.195788e-02 3.938854e-02 -9.958571e-01 -2.236419e+01 -9.754524e-03 9.991391e-01 4.032114e-02 3.062236e-01 9.965881e-01 1.301875e-02 -8.150311e-02 4.035961e+00
-8.125065e-02 3.526391e-02 -9.960697e-01 -2.316415e+01 -9.827283e-03 9.992970e-01 3.617980e-02 3.216152e-01 9.966453e-01 1.272829e-02 -8.084698e-02 3.971019e+00
-8.074505e-02 2.784209e-02 -9.963458e-01 -2.396950e+01 -8.508473e-03 9.995541e-01 2.862128e-02 3.342058e-01 9.966985e-01 1.078841e-02 -8.047215e-02 3.908970e+00
-8.068463e-02 2.317276e-02 -9.964703e-01 -2.478947e+01 -5.031547e-03 9.997075e-01 2.365546e-02 3.492536e-01 9.967270e-01 6.922422e-03 -8.054443e-02 3.849052e+00
-8.117506e-02 2.268473e-02 -9.964417e-01 -2.561886e+01 -3.485151e-03 9.997284e-01 2.304348e-02 3.615096e-01 9.966938e-01 5.343309e-03 -8.107395e-02 3.786079e+00
-8.098689e-02 3.123790e-02 -9.962255e-01 -2.646136e+01 -4.490308e-03 9.994872e-01 3.170522e-02 3.717697e-01 9.967051e-01 7.041069e-03 -8.080509e-02 3.716343e+00
-8.132601e-02 3.806049e-02 -9.959606e-01 -2.730755e+01 -5.642357e-03 9.992370e-01 3.864644e-02 3.854991e-01 9.966716e-01 8.762529e-03 -8.104921e-02 3.644752e+00
-8.165962e-02 4.388270e-02 -9.956937e-01 -2.815287e+01 -7.595689e-03 9.989738e-01 4.465022e-02 4.028815e-01 9.966314e-01 1.120910e-02 -8.124250e-02 3.569541e+00
-8.204879e-02 4.465936e-02 -9.956272e-01 -2.899762e+01 -9.387220e-03 9.989165e-01 4.558051e-02 4.194172e-01 9.965841e-01 1.308600e-02 -8.154066e-02 3.492898e+00
-8.245294e-02 4.133613e-02 -9.957373e-01 -2.983721e+01 -9.690603e-03 9.990589e-01 4.227647e-02 4.370064e-01 9.965479e-01 1.313512e-02 -8.197477e-02 3.418460e+00
-8.290210e-02 3.805547e-02 -9.958308e-01 -3.067424e+01 -9.508351e-03 9.991949e-01 3.897560e-02 4.566603e-01 9.965124e-01 1.269987e-02 -8.247351e-02 3.346046e+00
-8.288970e-02 3.922072e-02 -9.957866e-01 -3.151586e+01 -1.105292e-02 9.991276e-01 4.027237e-02 4.763855e-01 9.964975e-01 1.434452e-02 -8.238388e-02 3.271990e+00
-8.269813e-02 4.194649e-02 -9.956915e-01 -3.235442e+01 -1.214292e-02 9.989972e-01 4.309431e-02 4.917256e-01 9.965007e-01 1.565442e-02 -8.210584e-02 3.198821e+00
-8.271724e-02 4.082259e-02 -9.957366e-01 -3.319517e+01 -1.302830e-02 9.990310e-01 4.203994e-02 5.076454e-01 9.964879e-01 1.645018e-02 -8.210524e-02 3.123626e+00
-8.231200e-02 3.566380e-02 -9.959683e-01 -3.402626e+01 -1.376549e-02 9.992235e-01 3.691803e-02 5.241899e-01 9.965116e-01 1.674879e-02 -8.175715e-02 3.051261e+00
-8.195133e-02 3.105421e-02 -9.961524e-01 -3.486004e+01 -1.499027e-02 9.993629e-01 3.238752e-02 5.386702e-01 9.965236e-01 1.758679e-02 -8.143361e-02 2.980358e+00
-8.151395e-02 3.157687e-02 -9.961718e-01 -3.569639e+01 -1.501861e-02 9.993456e-01 3.290641e-02 5.500320e-01 9.965591e-01 1.764345e-02 -8.098637e-02 2.910621e+00
-8.074712e-02 3.441770e-02 -9.961402e-01 -3.653345e+01 -1.407711e-02 9.992646e-01 3.566675e-02 5.579548e-01 9.966352e-01 1.690276e-02 -8.020323e-02 2.843137e+00
-8.028235e-02 3.893236e-02 -9.960115e-01 -3.737375e+01 -1.355742e-02 9.991018e-01 4.014595e-02 5.707777e-01 9.966800e-01 1.672636e-02 -7.968242e-02 2.775070e+00
-7.964970e-02 4.443042e-02 -9.958322e-01 -3.821476e+01 -1.275581e-02 9.988789e-01 4.558661e-02 5.878615e-01 9.967413e-01 1.633361e-02 -7.899366e-02 2.706985e+00
-7.980664e-02 4.835639e-02 -9.956367e-01 -3.904918e+01 -1.285875e-02 9.986896e-01 4.953538e-02 6.055646e-01 9.967275e-01 1.675590e-02 -7.908026e-02 2.638855e+00
-7.952916e-02 4.776542e-02 -9.956875e-01 -3.988167e+01 -1.253987e-02 9.987243e-01 4.891272e-02 6.246496e-01 9.967537e-01 1.637579e-02 -7.882874e-02 2.572257e+00
-7.935204e-02 4.425698e-02 -9.958637e-01 -4.071171e+01 -1.242385e-02 9.988924e-01 4.538155e-02 6.464858e-01 9.967693e-01 1.597358e-02 -7.871431e-02 2.504806e+00
-7.897161e-02 3.959310e-02 -9.960903e-01 -4.153840e+01 -1.315326e-02 9.990826e-01 4.075486e-02 6.640169e-01 9.967901e-01 1.632031e-02 -7.837838e-02 2.436154e+00
-7.862370e-02 3.683575e-02 -9.962236e-01 -4.236520e+01 -1.711449e-02 9.991199e-01 3.829356e-02 6.807227e-01 9.967575e-01 2.006064e-02 -7.792408e-02 2.363072e+00
-7.912445e-02 3.465562e-02 -9.962622e-01 -4.319143e+01 -2.040105e-02 9.991299e-01 3.637566e-02 6.977483e-01 9.966560e-01 2.320300e-02 -7.834860e-02 2.290205e+00
-7.976546e-02 3.312770e-02 -9.962630e-01 -4.401519e+01 -1.910751e-02 9.992131e-01 3.475564e-02 7.092788e-01 9.966305e-01 2.180841e-02 -7.906970e-02 2.223683e+00
-8.099499e-02 2.976202e-02 -9.962700e-01 -4.483883e+01 -1.535850e-02 9.993981e-01 3.110410e-02 7.206987e-01 9.965962e-01 1.782049e-02 -8.048914e-02 2.160908e+00
-8.168221e-02 2.762876e-02 -9.962754e-01 -4.566121e+01 -1.115209e-02 9.995277e-01 2.863330e-02 7.331961e-01 9.965961e-01 1.344938e-02 -8.133552e-02 2.096619e+00
-8.331048e-02 3.088015e-02 -9.960451e-01 -4.648335e+01 -1.024723e-02 9.994403e-01 3.184251e-02 7.434451e-01 9.964710e-01 1.285952e-02 -8.294742e-02 2.028253e+00
-8.506616e-02 3.760111e-02 -9.956655e-01 -4.730744e+01 -8.393766e-03 9.992251e-01 3.845268e-02 7.534145e-01 9.963400e-01 1.162841e-02 -8.468463e-02 1.959122e+00
-8.682806e-02 4.163558e-02 -9.953529e-01 -4.812333e+01 -6.298404e-03 9.990833e-01 4.234107e-02 7.646921e-01 9.962034e-01 9.945529e-03 -8.648623e-02 1.890493e+00
-8.855103e-02 4.048818e-02 -9.952484e-01 -4.893314e+01 -5.319431e-03 9.991400e-01 4.111980e-02 7.767209e-01 9.960575e-01 8.935358e-03 -8.825951e-02 1.820295e+00
-8.958858e-02 3.722221e-02 -9.952831e-01 -4.973553e+01 -9.200308e-03 9.992278e-01 3.819790e-02 7.874193e-01 9.959364e-01 1.257901e-02 -8.917694e-02 1.740695e+00
-9.088125e-02 3.306855e-02 -9.953125e-01 -5.053252e+01 -1.334325e-02 9.993184e-01 3.442002e-02 7.989932e-01 9.957724e-01 1.640884e-02 -9.037806e-02 1.659366e+00
-9.202649e-02 3.137353e-02 -9.952622e-01 -5.132871e+01 -1.768445e-02 9.992944e-01 3.313583e-02 8.126433e-01 9.955995e-01 2.065004e-02 -9.140673e-02 1.575304e+00
